DC
56901
56901
56901
56901
56901
56901
56901
56901
56901
56901
56901
56901
56902
56902
56902
56902
56902
56902
56902
56902
56902
56902
56902
56902
56904
56904
56904
56904
56904
56904
56904
56904
56904
56904
56904
56904
56908
56908
56908
56908
56908
56908
56908
56908
56908
56908
56908
56908
56915
56915
56915
56915
56915
56915
56915
56915
56915
56915
56915
56915
56920
56920
56920
56920
56920
56920
56920
56920
56920
56920
56920
56920
56933
56933
56933
56933
56933
56933
56933
56933
56933
56933
56933
56933
56935
56935
56935
56935
56935
56935
56935
56935
56935
56935
56935
56935
56944
56944
56944
56944
56944
56944
56944
56944
56944
56944
56944
56944
56945
56945
56945
56945
56945
56945
56945
56945
56945
56945
56945
56945
56950
56950
56950
56950
56950
56950
56950
56950
56950
56950
56950
56950
56965
56965
56965
56965
56965
56965
56965
56965
56965
56965
56965
56965
56967
56967
56967
56967
56967
56967
56967
56967
56967
56967
56967
56967
56972
56972
56972
56972
56972
56972
56972
56972
56972
56972
56972
56972
56998
56998
56998
56998
56998
56998
56998
56998
56998
56998
56998
56998
56999
56999
56999
56999
56999
56999
56999
56999
56999
56999
56999
56999

FL
34995
34995
34995
34995
34995
34995
34995
34995
34995
34995
34995
34995

HI
96745
96745
96745
96745
96745
96745
96745
96745
96745
96745
96745
96745

96767
96767
96767
96767
96767
96767
96767
96767
96767
96767
96767

96788
96788
96788
96788
96788
96788
96788
96788
96788
96788
96788
96788




